19084006
19084026
19084038
19084069
19084100
19084129
19084160
19084161
19084193
19084224
19084253
19084260
19084272
19084280
19084292
19084304
19084312
19084339
19085005
19085017
19085029
19085037
19085073
19085095
19085105
19085126
19085136
19085140
19085168
19085187
19085197
19085229
19085252
19085258
19085290
19085318
19086008
19086041
19086048
19086049
19086073
19086080
19086081
19086088
19086109
19086120
19086141
19086206
19086242
19086274
19086299
19086307
19086339
19087209
19087240
19088247
19089020
19089339
19092141
19094190
19096009
19096010
19096126
19097021
19097104
19097277
19098020
19098055
19098158
19098275
19098305
19098316
